id-CuNi3_mp-1184054_primitive
  250.309700	  173.068440	  162.316530	    0.000000	   -0.000000	   -0.000000
  173.068440	  250.309700	  162.316530	    0.000000	    0.000000	    0.000000
  162.316530	  162.316530	  263.750180	    0.000000	    0.000000	    0.000000
    0.000000	    0.000000	    0.000000	  123.350060	    0.000000	    0.000000
   -0.000000	    0.000000	    0.000000	    0.000000	  118.146610	   -0.000000
   -0.000000	    0.000000	    0.000000	    0.000000	   -0.000000	  118.146600
id-Li3Ni_mp-1185204_primitive
   38.980280	   25.817570	   26.564770	    0.000000	   -0.000000	    0.000000
   25.817570	   38.980280	   26.564770	    0.000000	    0.000000	   -0.000000
   26.564770	   26.564770	   25.545270	    0.000000	   -0.000000	   -0.000000
    0.000000	    0.000000	    0.000000	   20.005280	    0.000000	    0.000000
   -0.000000	    0.000000	   -0.000000	    0.000000	   26.545830	    0.000000
    0.000000	   -0.000000	   -0.000000	    0.000000	    0.000000	   26.545820
id-mp-1101992-Ta2Ni
  276.986820	  351.478630	  223.501480	    0.000000	    0.000000	   -0.000000
  351.478630	  276.986820	  223.501480	    0.000000	   -0.000000	    0.000000
  223.501480	  223.501480	  475.169660	    0.000000	   -0.000000	    0.000000
    0.000000	    0.000000	    0.000000	  -37.245900	    0.000000	   -0.000000
    0.000000	   -0.000000	   -0.000000	    0.000000	   56.320570	    0.000000
   -0.000000	    0.000000	    0.000000	   -0.000000	    0.000000	   56.320580
id-mp-1184069-CuNi
  305.131180	  143.449510	  102.678460	    0.000000	    0.000000	    0.000000
  143.449510	  305.131180	  102.678460	    0.000000	    0.000000	   -0.000000
  102.678460	  102.678460	  325.124870	    0.000000	    0.000000	    0.000000
    0.000000	    0.000000	    0.000000	   80.840840	   -0.000000	   -0.000000
    0.000000	    0.000000	    0.000000	   -0.000000	   51.220400	    0.000000
    0.000000	   -0.000000	    0.000000	   -0.000000	    0.000000	   51.220400
id-mp-1185214-Li3Ni
   42.472960	   28.353610	   16.554960	   -0.000000	   -0.000000	   -0.000000
   28.353610	   42.472960	   16.554960	    0.000000	    0.000000	    0.000000
   16.554960	   16.554960	   74.495380	    0.000000	    0.000000	   -0.000000
   -0.000000	    0.000000	    0.000000	    7.059670	   -0.000000	    0.000000
   -0.000000	    0.000000	    0.000000	   -0.000000	   13.182880	   -0.000000
   -0.000000	    0.000000	   -0.000000	    0.000000	   -0.000000	   13.182880
id-mp-1185266-LiNi3
  187.741650	  124.965910	  120.396470	    0.000000	    0.000000	   -0.000000
  124.965910	  187.741650	  120.396470	    0.000000	   -0.000000	    0.000000
  120.396470	  120.396470	  192.930110	    0.000000	    0.000000	   -0.000000
    0.000000	    0.000000	    0.000000	   99.015510	    0.000000	    0.000000
    0.000000	   -0.000000	    0.000000	    0.000000	   98.894050	   -0.000000
   -0.000000	    0.000000	   -0.000000	    0.000000	   -0.000000	   98.894060
id-mp-1185312-LiCu3
  105.322130	   88.246070	   88.246070	    0.000000	    0.000000	    0.000000
   88.246070	  105.322130	   88.246070	   -0.000000	    0.000000	    0.000000
   88.246070	   88.246070	  105.322130	    0.000000	   -0.000000	    0.000000
    0.000000	   -0.000000	    0.000000	   69.392450	    0.000000	    0.000000
    0.000000	    0.000000	   -0.000000	    0.000000	   69.392450	    0.000000
    0.000000	    0.000000	    0.000000	    0.000000	    0.000000	   69.392450
id-mp-1185338-LiCu3
  121.314750	   85.355740	   56.958180	    0.000000	   -0.000000	   -0.000000
   85.355740	  121.314750	   56.958180	   -0.000000	    0.000000	    0.000000
   56.958180	   56.958180	  164.122280	    0.000000	   -0.000000	    0.000000
    0.000000	   -0.000000	    0.000000	   17.979500	   -0.000000	    0.000000
   -0.000000	    0.000000	    0.000000	   -0.000000	   21.211190	    0.000000
   -0.000000	    0.000000	    0.000000	    0.000000	    0.000000	   21.211190
id-mp-1187227-Ta3Cu
  543.738510	  192.989450	  333.954160	    0.000000	    0.000000	   -0.000000
  192.989450	  543.738510	  333.954160	    0.000000	   -0.000000	    0.000000
  333.954160	  333.954160	  404.957990	    0.000000	    0.000000	   -0.000000
    0.000000	    0.000000	    0.000000	   43.458120	    0.000000	    0.000000
    0.000000	   -0.000000	    0.000000	    0.000000	  182.239650	   -0.000000
   -0.000000	    0.000000	   -0.000000	    0.000000	   -0.000000	  182.239650
id-mp-1191664-Ta5Ni
  427.343640	  340.572140	  340.572140	   -0.000000	    0.000000	   -0.000000
  340.572140	  427.343640	  340.572140	   -0.000000	   -0.000000	    0.000000
  340.572140	  340.572140	  427.343640	   -0.000000	    0.000000	    0.000000
    0.000000	   -0.000000	   -0.000000	  105.439950	    0.000000	    0.000000
    0.000000	   -0.000000	    0.000000	    0.000000	  105.439950	   -0.000000
   -0.000000	    0.000000	    0.000000	   -0.000000	   -0.000000	  105.439950
id-mp-1225687-CuNi
  316.354440	  123.105710	  104.277920	    0.000000	  -29.980030	    0.000000
  123.105710	  316.354440	  104.277920	    0.000000	   29.980030	    0.000000
  104.277920	  104.277920	  328.431890	    0.000000	    0.000000	    0.000000
    0.000000	    0.000000	    0.000000	   96.624370	    0.000000	  -29.980030
  -29.980030	   29.980030	    0.000000	    0.000000	   62.790120	    0.000000
    0.000000	    0.000000	    0.000000	  -29.980030	    0.000000	   62.790120
id-mp-1225694-CuNi3
  182.308900	  149.522080	  147.357290	    0.000000	    0.000000	    0.000000
  149.522080	  290.468920	   27.433790	    0.000000	    0.000000	    0.000000
  147.357290	   27.433790	  284.544450	    0.000000	    0.000000	    0.000000
    0.000000	    0.000000	    0.000000	  113.625290	    0.000000	    0.000000
    0.000000	    0.000000	    0.000000	    0.000000	  -18.960980	   -0.000000
    0.000000	    0.000000	    0.000000	    0.000000	   -0.000000	  103.345890
id-mp-1225695-CuNi
  232.338070	  155.951090	  158.427810	    0.000000	    0.000000	    0.000000
  155.951090	  330.402860	   37.135260	   -0.000000	    0.000000	    0.000000
  158.427810	   37.135260	  334.718960	    0.000000	    0.000000	    0.000000
    0.000000	   -0.000000	    0.000000	  123.557200	    0.000000	    0.000000
    0.000000	    0.000000	    0.000000	    0.000000	  -22.208120	    0.000000
    0.000000	    0.000000	    0.000000	    0.000000	    0.000000	  115.780990
id-mp-1225698-Cu3Ni
  263.723600	  162.349470	  162.738540	   -0.000000	    0.000000	    0.000000
  162.349470	  359.448610	   33.497360	    0.000000	   -0.000000	   -0.000000
  162.738540	   33.497360	  347.041600	    0.000000	    0.000000	    0.000000
   -0.000000	    0.000000	    0.000000	  125.476640	    0.000000	    0.000000
    0.000000	   -0.000000	    0.000000	    0.000000	  -15.798990	   -0.000000
    0.000000	   -0.000000	    0.000000	    0.000000	   -0.000000	  119.056350
id-mp-1867-Ta2Ni
  474.057610	  407.678030	  201.973410	   -0.000000	    0.000000	    0.000000
  407.678030	  474.057610	  201.973410	    0.000000	    0.000000	    0.000000
  201.973410	  201.973410	  235.103610	    0.000000	   -0.000000	   -0.000000
    0.000000	   -0.000000	   -0.000000	  107.737510	   -0.000000	   -0.000000
    0.000000	    0.000000	   -0.000000	   -0.000000	   30.239520	   -0.000000
    0.000000	    0.000000	   -0.000000	   -0.000000	   -0.000000	   30.239540
id-mp-569776-TaNi3
 -102.994290	 -180.030650	 -157.454590	   -0.000000	    0.000000	    8.507330
 -180.030650	  -74.930330	 -192.234330	    0.000000	    0.000000	    4.471190
 -157.454590	 -192.234330	 -117.480780	   -0.000000	    0.000000	    5.014520
   -0.000000	    0.000000	   -0.000000	   25.610470	   -2.512100	   -0.000000
    0.000000	    0.000000	    0.000000	   -2.512100	    5.481260	    0.000000
    8.507330	    4.471190	    5.014520	   -0.000000	    0.000000	   29.005610
id-mp-570491-TaNi3
   99.449470	   81.466520	   39.138940	    0.000000	    0.000000	    0.000000
   81.466520	   99.449470	   39.138940	    0.000000	   -0.000000	   -0.000000
   39.138940	   39.138940	  115.567240	    0.000000	    0.000000	    0.000000
    0.000000	    0.000000	    0.000000	   53.924670	    0.000000	    0.000000
    0.000000	   -0.000000	    0.000000	    0.000000	   34.591070	   -0.000000
    0.000000	   -0.000000	   -0.000000	    0.000000	    0.000000	   34.591080
id-mp-862658-LiCu3
  103.608720	   74.349510	   86.611770	    0.000000	    0.000000	   -0.000000
   74.349510	  103.608720	   86.611770	    0.000000	   -0.000000	    0.000000
   86.611770	   86.611770	   97.495220	    0.000000	   -0.000000	    0.000000
    0.000000	    0.000000	    0.000000	   58.667350	    0.000000	    0.000000
    0.000000	   -0.000000	   -0.000000	    0.000000	   55.814710	    0.000000
   -0.000000	    0.000000	    0.000000	    0.000000	    0.000000	   55.814720
id-mp-974058-LiCu3
   84.486750	  105.620630	  105.620630	   -0.000000	    0.000000	    0.000000
  105.620630	   84.486750	  105.620630	   -0.000000	    0.000000	   -0.000000
  105.620630	  105.620630	   84.486750	    0.000000	   -0.000000	    0.000000
   -0.000000	   -0.000000	    0.000000	   72.199000	    0.000000	   -0.000000
    0.000000	    0.000000	   -0.000000	    0.000000	   72.199000	    0.000000
    0.000000	   -0.000000	    0.000000	   -0.000000	    0.000000	   72.199000
id-mp-975882-Li3Cu
   32.395490	   10.932720	   21.645250	    0.000000	   -0.000000	   -0.000000
   10.932720	   32.395490	   21.645250	    0.000000	    0.000000	    0.000000
   21.645250	   21.645250	   32.007000	    0.000000	    0.000000	    0.000000
    0.000000	    0.000000	    0.000000	   14.090100	    0.000000	    0.000000
   -0.000000	    0.000000	    0.000000	    0.000000	   24.755720	   -0.000000
   -0.000000	    0.000000	    0.000000	    0.000000	   -0.000000	   24.755720
id-Ta4Cu3Ni9_mp-1218103_primitive
  357.782210	  116.903530	  141.223100	   -0.000000	   -0.000000	    0.000000
  116.903530	  369.517080	  150.805070	   -0.000000	    0.000000	   -0.000000
  141.223100	  150.805070	  350.110280	   -0.000000	    0.000000	    0.000000
   -0.000000	   -0.000000	   -0.000000	   63.666540	   -0.000000	    0.000000
   -0.000000	    0.000000	    0.000000	   -0.000000	   77.562560	    0.000000
    0.000000	   -0.000000	    0.000000	   -0.000000	    0.000000	   50.221320
id-TaNi3_mp-891_primitive
  392.263090	  135.157670	  168.350210	   -0.000000	    0.000000	   -0.000000
  135.157670	  402.534150	  162.786000	    0.000000	   -0.000000	    0.000000
  168.350210	  162.786000	  374.831310	    0.000000	   -0.000000	    0.000000
   -0.000000	    0.000000	    0.000000	   60.325290	    0.000000	    0.000000
    0.000000	   -0.000000	   -0.000000	    0.000000	   91.139280	   -0.000000
   -0.000000	    0.000000	    0.000000	    0.000000	   -0.000000	   77.001350
